GSM535604	GSM535605	GSM535606	GSM535607	GSM535608	GSM535609	GSM535610	GSM535611	GSM535612	GSM535613	GSM535614	GSM535615	GSM535616	GSM535617	GSM535618	GSM535619	GSM535620	GSM535621	GSM535622
Lable	0	0	0	0	0	0	0	0	0	1	1	1	1	1	0	0	0	0	0
CBLN2	-0.253404831236701	-0.14196928758899	-0.272552920959504	-0.245767841218663	-0.266126372312775	-0.105244764423239	-0.282517781703323	-0.0922341300614747	-0.254312628144191	-0.329352345039237	-0.299365453762916	-0.282764316207573	-0.254312628144191	-0.214482605067577	-0.25704064950215	-0.00109988271831494	-0.25260090037289	4.11479760893687	-0.309648270473157
CNN1	0.0171327936467637	0.388001748079435	0.377236763331901	0.574045806246886	-0.299650727711806	-0.382912784887417	0.30362440761025	0.555060037285287	-1.22083237681342	-0.131172359033251	1.97647561630183	1.63417217335684	0.0254702514665334	1.29028258541845	-2.21070776135775	-0.662794928091489	-0.772253788996662	-0.722816081854958	-0.73836137399743
COMP	0.572019508770713	1.32203042883643	0.344776047345574	0.918634164962879	0.0578971636114189	0.198904279873715	-0.00852077928044432	0.327771961078061	0.270252830081555	-1.14040572244954	-1.57340338026873	-1.88461731090166	-1.380996853617	-1.53458319512962	0.38386358387283	0.941361030135642	0.660581681006765	0.253799513697468	1.27063504837396
CST4	-0.556394117875433	-0.548669597330338	1.91568403130589	0.588964390933452	1.65362555570449	1.34826143733258	0.6229694542317	-0.595813788975397	-0.994330152532375	-0.805527065424816	-0.416101522607569	-1.13243798665262	-0.524857238497284	-0.30970519595241	-0.99112894441066	0.49117969777506	-0.543012935866784	1.57688307037701	-0.779589091534497
CTCF	-1.18029669095564	-0.597047480354099	1.48808706179698	-0.273170919729614	0.896190868515558	0.413731707766073	0.890612577285259	-1.35996913847081	-0.500329613482885	-0.991575522468765	-0.654574678220088	-0.166580418448891	-0.509412969784379	-0.363506591589034	-0.436827586941575	2.13078347578696	-0.888155720379161	1.56764238391134	0.534399255762741
CXCL2	1.15358068578321	0.0532274869843949	0.0641349014708149	0.748740144247914	1.60930487987983	-0.486438225714161	-0.536817288714524	0.00818148028378213	-0.765638624586262	0.536684323150694	0.590658625493045	2.14529420835127	-1.13050592629466	0.300167615428391	-1.91150646146185	-0.704567756507678	-1.23206105382203	-0.104376999475932	-0.338062014496239
DACT2	-0.45721282449045	-0.48699948941723	-0.470509919264935	-0.429704194870613	-0.48197852164438	-0.447085845366818	-0.484597878770081	-0.464599180966047	-0.47350149049308	0.758531237090624	1.23600620636051	1.05733017775081	3.41149735278924	0.1410449480544	-0.459297677446305	-0.474909835209748	-0.469769426167456	-0.505022175203136	-0.499221462735321
DLK1	-0.641266901129465	1.02903704335211	0.946085773833298	-0.534633543517663	-0.0957487244782132	-0.350331256399735	-0.620012007951416	2.70860844518124	-0.643779480104943	-0.641615086361576	-0.643719712948417	1.99069955863709	-0.640448394987811	0.398257336859344	-0.632862422836605	-0.643083331042189	-0.636007035091604	-0.645954965469167	0.296774704455709
DLK2	-0.313780134166646	-0.341686617289617	-0.301669370728577	-0.271779631203191	-0.335509493970135	-0.290338060866942	-0.397057986753496	-0.322702700196296	-0.0738263099842922	-0.321844603016866	0.672881115112787	4.01218928161956	-0.0912035892415571	-0.0777539396150232	-0.236404038970753	-0.322172533438908	-0.318985384831411	-0.297740455749815	-0.370615546708818
DLL1	0.00157304607315508	-0.0339146356133476	0.633253431383349	-0.0150172660413911	-0.56622137383412	0.0432942720425271	-0.0680680698032427	1.87805515404101	0.330866907099829	-0.576176782463014	-0.0246696603800173	1.37907206772372	0.456071028692807	-0.00400233144912256	-2.91776374862976	-1.15780773131385	1.07539764999893	-0.00841436148782824	-0.425527596039635
E2F6	-0.41037746473941	-0.386371303646793	-0.142877118254825	-0.856645476726845	0.667816666009992	-1.8836033277468	0.608810227409695	0.913759715931814	0.0473711859284969	-0.730448918352315	-0.518590236645011	-0.489884945454248	-1.44744312122019	0.00465921876968129	1.40545261406416	2.16478232032429	-0.664996463249096	0.795656104255749	0.922930323341679
EGR2	0.568098353652875	0.526751402356147	1.81730673450068	0.434848471012643	-1.57939123094198	-0.232956707135637	0.497667482247533	-0.222261464706464	-0.30884609550559	-1.26149850115724	-1.06098663966121	1.1200034126753	-1.63560959393699	1.29936809555521	-0.299350169722362	-0.309368684674823	-0.360601899214458	1.45463306374952	-0.44780602909314
ELK1	-0.0604208566525591	0.0333777868716448	-0.562312565643892	-1.29185396449937	0.111631587201132	0.611413327907623	0.196430990246874	1.15539726377958	2.45735075114907	-1.33797371897004	-1.30206105919917	-1.42191064304929	0.431166644502873	-1.02256185603108	0.374566630028773	-0.154243004864439	0.220105623763679	0.638537406310395	0.923359657148226
FGF1	-0.111476311349726	0.773300507829876	0.660994276247116	-0.0919543422624799	0.0266218054044403	-0.0113316368132279	-0.487390158741962	-1.01674879817871	-0.772529319166894	0.299931967121853	1.1078122698566	1.87245836027359	0.1089025252561	1.61879178871604	-2.48737609241845	-1.17637654623769	-0.172797267543235	-0.00366041006567602	-0.137172617927577
FGF8	0.899316068141716	-0.913450815341312	-0.123494069681137	1.92711062199595	-0.439642563751515	1.28812820586448	-1.29833254152659	0.0410995202918043	-0.48766009213172	0.034522874865761	-0.0150787301890173	0.604812000052157	0.481558141634258	0.610716850145549	0.680860457375421	0.145555321186135	0.316645095068239	-2.23111441288259	-1.52155193111747
HEYL	1.21235574302404	2.21852203990015	0.0392262513867436	-0.284787980455075	-0.00983668987914378	-0.704767088339085	-1.10140394237074	1.2039595555223	0.883170430501414	-0.715672041533654	-0.505371090471594	-2.42369787173181	-0.208374528482536	0.143634591927265	-0.704172876891769	-0.0196598132077916	0.467901768526444	0.120949748245035	0.388023794329787
HNF1A	-0.204412499648525	-0.969028508233194	-0.273343478458921	-0.124491990118917	-0.387774047206659	-0.184397242187737	-0.315534930698	-0.258230585826243	-0.26786539058297	-0.961411155191971	-0.267855328978735	-0.195030061533937	0.176547659249922	-0.25249702317079	-0.199323728799302	1.20284986255956	0.143923658340095	3.70604341415136	-0.368168623665048
HPD	-0.212243801948958	-0.245643634155893	-0.233298634880702	4.12851701417287	-0.239763899664758	-0.20950028554105	-0.26018754756807	-0.229977634966805	-0.231436185843637	-0.227100982513698	-0.24016243759445	-0.220320953518803	-0.220711359188598	-0.16757246192029	-0.212794212291695	-0.230681654262885	-0.225839641847654	-0.26560332627793	-0.255678360186995
HS3ST4	-0.213138412889904	-0.13115858582793	-0.235331457384787	-0.199660331315332	-0.24033124741655	-0.210058666621921	-0.255946354112607	-0.232151384764484	-0.234239137490814	-0.265443388695862	-0.240072808208715	4.1273883195538	-0.226722843817773	-0.219389744994407	-0.213246216456208	-0.234616359894571	-0.225107255041404	-0.283665001228827	-0.267109123391703
HSD17B6	0.526538381177614	1.65848421083312	-0.508601866732159	-0.165743666222724	0.691078989284086	-0.0856433943093571	0.0587779344576175	0.213844073652912	0.443341413721137	-1.39533906552147	-1.34010720191286	-0.869007303554484	-1.38001231467416	-1.38038623678623	-0.245322175504838	1.44265447256157	1.38554602795238	-0.278417627778063	1.22831534935591
INHBA	0.823857244109009	1.02010543737828	0.750325643853466	0.263120798296033	0.675429237988883	0.143023268738493	0.372131373617791	0.669021110413753	-0.458152679354616	-1.53982486196898	-1.23633133624695	-1.79424861888361	-1.03894330830492	-1.67219553451616	-0.361839330759407	1.27986036510433	0.543809780193163	0.558598143518631	1.00225326682282
JUN	1.29027685206639	-0.301918188210116	1.1303895589405	-0.207909526918552	0.534091674378744	-1.7395961739753	-0.00274093676561389	0.988047803272208	-0.435419876807261	1.34893167898605	-1.19558676154425	0.0222161730011161	-1.07761819330611	0.916726157066532	0.32765782554419	1.29290221036473	-0.595276189810313	-1.60982702482144	-0.68534706146152
KRAS	0.334099881718609	0.305628606147846	0.254186725510189	0.192917896178	0.324525466710654	0.76351026075585	1.08842363701768	0.601417057272413	-0.764852719839738	-0.694786232261735	-0.262692283162093	-0.881452289414976	-0.569441962433199	-2.17397840536027	1.60284866305916	1.87405161209263	0.172588911755555	-0.950354053638973	-1.21664077210759
OXTR	-0.315174490139635	0.596247212317792	0.0813930140099659	-0.481727606886141	-0.696337928362772	-0.291230379616608	-0.305032716724427	-0.420168523051165	-0.506373791485314	-0.606997045695739	2.11461569859492	2.53520540986585	-0.874117391732331	1.58826627179935	0.0405055424527742	-0.319886410684692	-0.751538032797709	-0.58152812362348	-0.806120708240651
PDE1C	0.215441976865434	-0.437889425853779	-0.039584952111345	-0.302524120723873	-0.436214285749903	-0.323575735980462	-0.443258277088827	-0.418807376157523	-0.422239994995722	-0.416831631817853	1.10467433156877	3.79162511501814	-0.116048373990344	0.368152417638471	-0.389541874063036	-0.422465465999532	-0.410334294970073	-0.452350807222659	-0.44822722436588
PENK	-0.425135611427091	3.76191595206644	-0.420363466621625	0.0433990207476549	-0.438069230253427	-0.424065607440398	0.236965222724614	-0.433555387429853	-0.435131963158517	-0.361729449738822	1.0626198466379	0.213162293372665	0.0364667160313189	0.142535860666317	-0.361729449738822	-0.581170677574775	-0.573593918570802	-0.608795782885161	-0.43372436740762
PITX1	-0.3834468968945	-1.12757012533015	1.16682750024105	-1.11077289961659	0.717468069187097	-0.273991727823433	1.37192424939795	1.5112293566492	0.385247628053929	-0.714678425063182	-0.715571872652751	-1.23940425551098	-0.764626775141741	-0.391295581483062	-0.715219804836067	0.254785272596762	2.23933544561461	-0.398494166165855	0.188255008777708
SLC24A2	0.636939117699295	-0.439332193351594	-0.183244877916121	1.7108961505181	-0.316600879882404	1.14758207404162	-2.07048320359147	0.10722323059871	0.0452698823105733	0.0631300243919048	-0.625689394682894	0.804728638646561	0.653563578321354	1.16679014397875	0.64882237310107	-0.0740735259006924	-0.0124732982302661	-1.89700924031314	-1.36603859973934
WNT10B	-0.621602325117683	-0.654297930904544	0.53380775177644	-0.570323197274348	-0.614349897763779	-0.523480738199199	-0.721537315255716	-0.635015039540861	-0.636031417699288	1.96232748301516	0.166208722942499	0.397102399056039	2.79020198825098	-0.570323197274348	-0.555046477459103	0.669169769019058	0.905118217471127	-0.656529286104131	-0.665399508938306
WNT4	-0.516042840356282	-0.0651712176001109	0.999851535082334	-0.728082876863205	-0.922030321537305	-0.375387139724324	-0.435053774767939	-0.368974878846278	2.77717631801092	-0.381939614818022	0.276579764946176	-0.408110013516111	-0.383700154616839	-0.329750679516379	-0.377876173568712	-0.404548799476154	-0.386559529522644	2.43079387488697	-0.401173478196089
ZBTB33	0.298868264438949	-0.505401990631141	-0.011088603905504	-0.591939217983934	-0.102639189904025	0.911234271943964	0.969459938900847	-0.768069867090682	0.522164951329187	-1.44064947785926	-0.813562328432816	1.67153333411955	-1.0387390640975	-0.298408059213001	-1.13469348751501	2.54301327865945	-0.34429021621621	-0.133584389636954	0.266791853094108
